ret: 0.1448844047351217
mtx:
 [[582.59118861   0.         629.53535406]
 [  0.         582.65884802 348.71988126]
 [  0.           0.           1.        ]]
dist:
 [[ 0.00239457 -0.03004914 -0.00062043 -0.00057221  0.01083464]]
rvecs:
 (array([[-1.24534695e-03],
       [-9.08031605e-03],
       [ 1.52642729e+00]]), array([[-0.01226759],
       [-0.01295125],
       [ 0.76581572]]), array([[ 0.01735618],
       [ 0.00246294],
       [-2.11676086]]), array([[ 0.0232302 ],
       [ 0.01160399],
       [-2.67973792]]), array([[ 0.0207144 ],
       [-0.00231493],
       [-1.56151689]]), array([[ 0.01883697],
       [-0.00966531],
       [-0.85692313]]), array([[ 0.02758611],
       [-0.03253912],
       [ 0.06116495]]), array([[ 0.01207098],
       [-0.01066009],
       [-0.85895507]]), array([[-0.05022366],
       [-0.01653193],
       [ 0.00938936]]), array([[-0.06164607],
       [ 0.31758146],
       [ 1.34613922]]), array([[-0.26335959],
       [ 0.35640803],
       [ 0.93748984]]), array([[-0.01273046],
       [-0.01015434],
       [ 1.52434075]]), array([[0.54718619],
       [0.27240428],
       [2.50446884]]), array([[-0.05781052],
       [-0.34521973],
       [ 0.2921541 ]]), array([[ 0.01332784],
       [-0.35105854],
       [ 0.18485898]]), array([[ 0.27365925],
       [-0.44516416],
       [-1.98616414]]), array([[ 0.56797942],
       [ 0.01689403],
       [-3.06515801]]), array([[-0.42005216],
       [-0.08088625],
       [-2.81999729]]), array([[-0.31638579],
       [ 0.28284593],
       [-1.71228649]]), array([[-0.52437041],
       [ 0.42041058],
       [-1.47987728]]), array([[-0.58355462],
       [ 0.69241123],
       [-1.6450112 ]]), array([[ 0.22108855],
       [ 0.77079334],
       [-0.57631994]]), array([[-0.01766444],
       [-0.00619712],
       [ 1.54149399]]), array([[-0.24893577],
       [ 0.64814578],
       [-2.27907692]]), array([[ 0.33335841],
       [-0.68496004],
       [-2.16693239]]), array([[-0.25570562],
       [ 0.26722205],
       [-1.52679797]]), array([[ 0.13928655],
       [ 0.10891535],
       [-1.57484561]]), array([[-0.59746415],
       [ 0.25492392],
       [-2.54200272]]), array([[ 0.33465255],
       [-0.29444411],
       [ 0.28202456]]), array([[ 1.43032272],
       [-0.24666345],
       [ 2.43724326]]), array([[ 1.04307664],
       [ 0.52909167],
       [-1.9927843 ]]), array([[-1.05278948],
       [ 0.15908874],
       [ 2.62563228]]), array([[0.78920593],
       [1.05797922],
       [1.6218431 ]]), array([[-0.03744192],
       [-0.00858872],
       [ 0.55242476]]), array([[0.89470771],
       [0.55047574],
       [1.02565342]]), array([[-0.07143708],
       [ 0.04705183],
       [ 1.61752831]]), array([[-0.06465877],
       [ 0.04855304],
       [ 1.62566738]]), array([[-0.06572058],
       [ 0.44918095],
       [ 0.15008076]]), array([[-0.00162732],
       [-0.01948668],
       [ 0.04809934]]), array([[-0.01295285],
       [-0.0164308 ],
       [ 0.7840749 ]]))
tvecs:
 (array([[ 169.9260367 ],
       [-177.01326326],
       [1320.77003561]]), array([[ 746.60637033],
       [-298.5566056 ],
       [1334.43925248]]), array([[-557.33724961],
       [ 546.65924375],
       [1322.2397801 ]]), array([[-816.32248117],
       [ 467.11840031],
       [1319.44061225]]), array([[-1145.27767086],
       [  603.37506528],
       [ 1316.29628401]]), array([[-1186.14836732],
       [  130.94360463],
       [ 1309.89699876]]), array([[-1184.1236596 ],
       [ -616.47781891],
       [ 1289.55227683]]), array([[-1059.564872  ],
       [ -307.88865851],
       [ 1307.09021647]]), array([[-296.61740316],
       [-261.41798874],
       [ 863.59776351]]), array([[ 394.4894631 ],
       [-259.45882842],
       [ 941.40829369]]), array([[ 726.06672916],
       [  61.00507519],
       [1153.20915237]]), array([[ 800.56782507],
       [-263.58524466],
       [1333.69845401]]), array([[1042.46111064],
       [-279.47222526],
       [ 982.86991116]]), array([[-799.06483669],
       [-594.23561123],
       [1170.5691096 ]]), array([[-1136.77772776],
       [ -618.69557836],
       [ 1163.90236645]]), array([[-971.19778748],
       [ 615.36759953],
       [1120.71261182]]), array([[-383.65877683],
       [ 426.47393615],
       [1297.7591568 ]]), array([[1122.07749256],
       [ 581.73908332],
       [1200.78422407]]), array([[ 618.92116818],
       [ 472.5081373 ],
       [1277.94111395]]), array([[ 392.7230981 ],
       [ 256.41086433],
       [1037.34472525]]), array([[ 934.35636315],
       [-199.60265348],
       [1292.39466505]]), array([[ 487.30202512],
       [-387.07529458],
       [1274.78107891]]), array([[1198.40058823],
       [-252.02123088],
       [1341.66524148]]), array([[ 233.27357603],
       [-210.47777484],
       [1291.88027168]]), array([[ -74.23860463],
       [ 242.67840206],
       [1145.29755467]]), array([[-477.74660835],
       [ 106.10730125],
       [1297.79182661]]), array([[-35.14223575],
       [156.26347906],
       [750.73644696]]), array([[334.78791289],
       [253.81342263],
       [733.07504699]]), array([[-594.94690852],
       [-356.28348103],
       [ 961.77856756]]), array([[905.89621542],
       [ 69.61915235],
       [964.0433544 ]]), array([[-748.40078469],
       [-173.70777482],
       [1254.98340148]]), array([[-349.17431513],
       [ 385.33263111],
       [1274.71405767]]), array([[ 779.75782039],
       [ 128.17771005],
       [1053.84746779]]), array([[ 821.45987131],
       [ 139.78442623],
       [1332.06946603]]), array([[ 599.16775804],
       [-492.06768414],
       [1072.79683701]]), array([[1246.03598074],
       [ 249.4742356 ],
       [1334.12851806]]), array([[1244.84921171],
       [ 251.81318696],
       [1332.73934034]]), array([[ 832.03166429],
       [ 317.9069631 ],
       [1299.21325936]]), array([[ 837.67121239],
       [-600.69082021],
       [1336.67387282]]), array([[ 947.58468984],
       [-609.67626104],
       [1339.64187001]]))
newcameramtx [[645.00830078   0.         618.82607585]
 [  0.         632.18695068 378.89298126]
 [  0.           0.           1.        ]]